================================================================================
ROMAN URDU:
tang mein dard hey.

ENGLISH:
There is pain in the leg.

EMBEDDING:
0.07394797 -0.01347260 -0.06860941 -0.11247846 0.09720986 -0.01662537 0.03649227 0.03704444 0.06409353 0.01735049 0.00501436 0.06066682 0.03336259 -0.04683310 -0.03423535 0.02915339 0.05920554 -0.09523365 -0.00227709 -0.05910817 0.01041540 -0.02412118 0.01737043 0.05661847 0.01970624 0.04639839 0.00202353 0.07064518 0.02083209 -0.09709173 -0.06553950 -0.09448053 0.02016237 -0.05015066 0.06092524 0.07976905 -0.05931913 -0.08294830 0.06582129 -0.03166002 0.00042417 -0.00005570 0.03134426 0.09407502 0.04122893 0.03253552 -0.05436949 0.02265786 -0.04553235 -0.01935032 -0.06390175 0.08004286 -0.02116157 0.05711547 0.03806335 -0.05273648 -0.05918009 -0.09555785 -0.07005501 0.03150355 0.01801088 -0.04159835 0.02021827 0.06714629 0.03565700 0.09956627 0.03679205 0.06339867 -0.04004988 -0.02200097 -0.07520609 0.07319160 -0.02358060 0.01483361 0.00772287 0.00626910 0.01825747 -0.04060752 0.04137840 -0.01911642 -0.03325514 -0.06606566 -0.05340166 0.05854021 -0.06153330 0.07173426 0.04560615 -0.06470530 0.07386813 -0.03822663 0.05900935 0.08665714 -0.04540602 -0.03686114 -0.10228928 -0.05657657 -0.07226220 0.04888934 0.08267048 -0.05068023 0.04864096 -0.02567344 0.04565276 -0.06350476 -0.03251023 0.03469513 0.05934379 -0.05394053 0.01990473 -0.04762427 -0.01950224 0.05083256 0.02363702 0.03189657 -0.04435898 -0.00490678 -0.03943638 -0.05180849 0.05083458 -0.06661099 0.08968600 -0.03757644 -0.09628166 -0.02624111 -0.04894702 -0.02308844 0.02797740 0.00634692 0.04417498 0.02320085 0.10322036 0.03575802 0.06990305 0.02179640 0.02376038 0.06573909 -0.04390857 -0.00647084 -0.01921798 -0.05409624 -0.01258827 0.06196791 -0.00740204 0.00398565 0.04126774 0.01690846 0.07655794 0.01940422 0.11464131 -0.02712651 0.05859481 -0.03955527 0.06164039 0.00228782 0.04120672 -0.06080619 -0.12697008 -0.04570678 0.00456576 0.03280866 -0.07643562 -0.04889296 -0.05519097 -0.00783289 -0.06503353 -0.06525720 0.00563482 0.03201813 -0.02709494 -0.05060645 -0.04245950 -0.03355321 0.01098497 0.04583645 -0.00842097 0.06027561 -0.01864792 0.07208636 0.08202337 0.02752169 0.00166461 0.00177042 -0.06626628 -0.06727193 -0.04962692 -0.11190090 -0.08966159 -0.00675442 0.04780467 -0.03748469 0.00791355 0.04249654 -0.06952398 -0.05623659 -0.03803241 0.05365227 -0.05423741 0.06278522 0.06269978 -0.02422879 0.01829245 -0.00240353 0.03484226 0.03699422 0.06302068 0.01873058 -0.08423124 0.01477641 -0.00780872 0.02305717 0.04125551 -0.05686725 -0.09231554 0.07286122 -0.08044676 -0.01471594 0.02526398 0.06001970 -0.04533930 -0.00682478 0.07305108 -0.00407386 0.02744799 -0.04082302 0.00436727 0.03746587 0.12656842 -0.05349637 -0.06054148 0.03593992 -0.00990279 -0.01290394 -0.06584873 -0.08590443 -0.01680348 -0.04745157 0.05621279 0.01922532 0.01335330 -0.07519355 0.00991239 -0.06847313 0.01593881 -0.03647681 0.03701650 -0.03357731 -0.01647221 0.06943016 -0.02803604 0.03134997 0.04091591 -0.10960981 -0.03706662 -0.06770475 -0.03750955 0.05718032 0.04787888 0.05880857 -0.02858204 0.02430149 0.04676543 0.01279952 0.06880262 0.04834176 0.03115263 0.02229878 -0.04259774 -0.01146656 -0.07347807 -0.01789395 -0.02510550 0.05156126 0.04842063 -0.08617727 -0.07559582 -0.04114161 0.02397457 0.08925029 -0.04830200 -0.05511026 0.06837161 0.02424888 0.06388974 0.02057838 0.08443475 -0.02683783 -0.03678774 0.06179819 -0.08807064 -0.03298263 -0.05439813 -0.05228654 0.03890755 -0.05814337 0.09087428 0.02826414 -0.00208333 0.03534482 -0.06658653 0.04048113 -0.03639475 -0.07572391 0.04196804 0.06977417 -0.03434248 0.05679542 0.02759856 0.04309625 0.00185871 -0.01513621 0.05403143 0.06060065 -0.04481190 -0.05516224 0.02864160 0.07046388 -0.01640100 0.04773238 -0.02079641 -0.06480844 -0.05010861 -0.04657697 0.02209834 -0.06995928 0.04652737 0.02565651 -0.05011914 -0.04673148 0.06705120 -0.00615559 0.05883422 -0.06069683 -0.04787370 0.03639827 -0.04360829 -0.01116276 -0.00489675 0.02585530 -0.03163052 -0.05150621 0.00564652 0.06052803 -0.04212024 0.06959921 -0.04505724 -0.02959563 0.05225233 0.01597249 -0.05159223 0.05670713 0.08568017 -0.09342206 -0.04180994 0.03689571 0.03653029 0.00702234 -0.04032343 -0.06511245 0.03038367 0.00258378 -0.07935758 -0.04987142 0.04528140 0.05493931 0.05063548 0.03107349 -0.02831488 -0.00514625 0.01369103 -0.06159450 0.02308686 0.05150254 -0.00386857 -0.02087056 -0.01771322 -0.01083003 -0.05791757 0.03430886 -0.04824569 -0.03095360 0.03953274 0.04779070 0.02128418 0.04316673
================================================================================

